node_stack_top = 0.0, 1.418, 0.0, 0.0, 1.0, 0.0, 3, 1
node_stack_top2 = 0.0, 1.418, 0.0, 0.0, 1.0, 0.0, 3, 1
node_stack_bottom = 0.0, -3.76915, 0.0, 0.0, -1.0, 0.0, 3, 1
node_stack_leftWing = -9.57395, -1.59381, -0.80752, -1.0, 0.0, 0.0, 3, 1
node_stack_N1_1 = -1.75, -1.418, 0.0, 0.0, -1.0, 0.0, 3, 1, 1
node_stack_N1_2 = 1.75, -1.418, 0.0, 0.0, -1.0, 0.0, 3, 1, 1
node_stack_N1_3 = -5.25, -1.418, 0.0, 0.0, -1.0, 0.0, 3, 1, 1
node_stack_N1_4 = 5.25, -1.418, 0.0, 0.0, -1.0, 0.0, 3, 1, 1
node_stack_N2_1 = 0.0, -1.418, 0.0, 0.0, -1.0, 0.0, 3, 1, 1
node_stack_N2_2 = 3.5, -1.418, 0.0, 0.0, -1.0, 0.0, 3, 1, 1
node_stack_N2_3 = -3.5, -1.418, 0.0, 0.0, -1.0, 0.0, 3, 1, 1
node_stack_N3_1 = 0.0, -1.418, 0.0, 0.0, -1.0, 0.0, 3, 1, 1
node_stack_N3_2 = 3.5, -1.418, 0.0, 0.0, -1.0, 0.0, 3, 1, 1
node_stack_N3_3 = -3.5, -1.418, 0.0, 0.0, -1.0, 0.0, 3, 1, 1
node_stack_N3_4 = 6.12501, -1.418, 0.0, 0.0, -1.0, 0.0, 3, 1, 1
node_stack_N3_5 = -6.12501, -1.418, 0.0, 0.0, -1.0, 0.0, 3, 1, 1
node_attach = 0.0, 0.0, 0.0, 0.0, 1.0, 0.0, 0, 1

attachRules = 1,0,1,1,1
